{
 "cells": [
  {
   "cell_type": "code",
   "execution_count": 1,
   "id": "a825b4b5-861a-4b8d-a183-c077d06d5018",
   "metadata": {},
   "outputs": [],
   "source": [
    "#importing pandas library\n",
    "import pandas as pd"
   ]
  },
  {
   "cell_type": "code",
   "execution_count": 2,
   "id": "0e18df4e-6616-4031-b2ce-5d9166d8b4b0",
   "metadata": {},
   "outputs": [],
   "source": [
    "dataset=pd.read_csv(\"PrePlacement.csv\")"
   ]
  },
  {
   "cell_type": "code",
   "execution_count": 3,
   "id": "ecc23091-0ad6-4405-bf7b-48ecb7fe3e7d",
   "metadata": {},
   "outputs": [
    {
     "data": {
      "text/html": [
       "<div>\n",
       "<style scoped>\n",
       "    .dataframe tbody tr th:only-of-type {\n",
       "        vertical-align: middle;\n",
       "    }\n",
       "\n",
       "    .dataframe tbody tr th {\n",
       "        vertical-align: top;\n",
       "    }\n",
       "\n",
       "    .dataframe thead th {\n",
       "        text-align: right;\n",
       "    }\n",
       "</style>\n",
       "<table border=\"1\" class=\"dataframe\">\n",
       "  <thead>\n",
       "    <tr style=\"text-align: right;\">\n",
       "      <th></th>\n",
       "      <th>sl_no</th>\n",
       "      <th>gender</th>\n",
       "      <th>ssc_p</th>\n",
       "      <th>ssc_b</th>\n",
       "      <th>hsc_p</th>\n",
       "      <th>hsc_b</th>\n",
       "      <th>hsc_s</th>\n",
       "      <th>degree_p</th>\n",
       "      <th>degree_t</th>\n",
       "      <th>workex</th>\n",
       "      <th>etest_p</th>\n",
       "      <th>specialisation</th>\n",
       "      <th>mba_p</th>\n",
       "      <th>status</th>\n",
       "      <th>salary</th>\n",
       "    </tr>\n",
       "  </thead>\n",
       "  <tbody>\n",
       "    <tr>\n",
       "      <th>0</th>\n",
       "      <td>1</td>\n",
       "      <td>M</td>\n",
       "      <td>67.00</td>\n",
       "      <td>Others</td>\n",
       "      <td>91.00</td>\n",
       "      <td>Others</td>\n",
       "      <td>Commerce</td>\n",
       "      <td>58.00</td>\n",
       "      <td>Sci&amp;Tech</td>\n",
       "      <td>No</td>\n",
       "      <td>55.0</td>\n",
       "      <td>Mkt&amp;HR</td>\n",
       "      <td>58.80</td>\n",
       "      <td>Placed</td>\n",
       "      <td>270000.0</td>\n",
       "    </tr>\n",
       "    <tr>\n",
       "      <th>1</th>\n",
       "      <td>2</td>\n",
       "      <td>M</td>\n",
       "      <td>79.33</td>\n",
       "      <td>Central</td>\n",
       "      <td>78.33</td>\n",
       "      <td>Others</td>\n",
       "      <td>Science</td>\n",
       "      <td>77.48</td>\n",
       "      <td>Sci&amp;Tech</td>\n",
       "      <td>Yes</td>\n",
       "      <td>86.5</td>\n",
       "      <td>Mkt&amp;Fin</td>\n",
       "      <td>66.28</td>\n",
       "      <td>Placed</td>\n",
       "      <td>200000.0</td>\n",
       "    </tr>\n",
       "    <tr>\n",
       "      <th>2</th>\n",
       "      <td>3</td>\n",
       "      <td>M</td>\n",
       "      <td>65.00</td>\n",
       "      <td>Central</td>\n",
       "      <td>68.00</td>\n",
       "      <td>Central</td>\n",
       "      <td>Arts</td>\n",
       "      <td>64.00</td>\n",
       "      <td>Comm&amp;Mgmt</td>\n",
       "      <td>No</td>\n",
       "      <td>75.0</td>\n",
       "      <td>Mkt&amp;Fin</td>\n",
       "      <td>57.80</td>\n",
       "      <td>Placed</td>\n",
       "      <td>250000.0</td>\n",
       "    </tr>\n",
       "    <tr>\n",
       "      <th>3</th>\n",
       "      <td>4</td>\n",
       "      <td>M</td>\n",
       "      <td>56.00</td>\n",
       "      <td>Central</td>\n",
       "      <td>52.00</td>\n",
       "      <td>Central</td>\n",
       "      <td>Science</td>\n",
       "      <td>52.00</td>\n",
       "      <td>Sci&amp;Tech</td>\n",
       "      <td>No</td>\n",
       "      <td>66.0</td>\n",
       "      <td>Mkt&amp;HR</td>\n",
       "      <td>59.43</td>\n",
       "      <td>Not Placed</td>\n",
       "      <td>0.0</td>\n",
       "    </tr>\n",
       "    <tr>\n",
       "      <th>4</th>\n",
       "      <td>5</td>\n",
       "      <td>M</td>\n",
       "      <td>85.80</td>\n",
       "      <td>Central</td>\n",
       "      <td>73.60</td>\n",
       "      <td>Central</td>\n",
       "      <td>Commerce</td>\n",
       "      <td>73.30</td>\n",
       "      <td>Comm&amp;Mgmt</td>\n",
       "      <td>No</td>\n",
       "      <td>96.8</td>\n",
       "      <td>Mkt&amp;Fin</td>\n",
       "      <td>55.50</td>\n",
       "      <td>Placed</td>\n",
       "      <td>425000.0</td>\n",
       "    </tr>\n",
       "    <tr>\n",
       "      <th>...</th>\n",
       "      <td>...</td>\n",
       "      <td>...</td>\n",
       "      <td>...</td>\n",
       "      <td>...</td>\n",
       "      <td>...</td>\n",
       "      <td>...</td>\n",
       "      <td>...</td>\n",
       "      <td>...</td>\n",
       "      <td>...</td>\n",
       "      <td>...</td>\n",
       "      <td>...</td>\n",
       "      <td>...</td>\n",
       "      <td>...</td>\n",
       "      <td>...</td>\n",
       "      <td>...</td>\n",
       "    </tr>\n",
       "    <tr>\n",
       "      <th>210</th>\n",
       "      <td>211</td>\n",
       "      <td>M</td>\n",
       "      <td>80.60</td>\n",
       "      <td>Others</td>\n",
       "      <td>82.00</td>\n",
       "      <td>Others</td>\n",
       "      <td>Commerce</td>\n",
       "      <td>77.60</td>\n",
       "      <td>Comm&amp;Mgmt</td>\n",
       "      <td>No</td>\n",
       "      <td>91.0</td>\n",
       "      <td>Mkt&amp;Fin</td>\n",
       "      <td>74.49</td>\n",
       "      <td>Placed</td>\n",
       "      <td>400000.0</td>\n",
       "    </tr>\n",
       "    <tr>\n",
       "      <th>211</th>\n",
       "      <td>212</td>\n",
       "      <td>M</td>\n",
       "      <td>58.00</td>\n",
       "      <td>Others</td>\n",
       "      <td>60.00</td>\n",
       "      <td>Others</td>\n",
       "      <td>Science</td>\n",
       "      <td>72.00</td>\n",
       "      <td>Sci&amp;Tech</td>\n",
       "      <td>No</td>\n",
       "      <td>74.0</td>\n",
       "      <td>Mkt&amp;Fin</td>\n",
       "      <td>53.62</td>\n",
       "      <td>Placed</td>\n",
       "      <td>275000.0</td>\n",
       "    </tr>\n",
       "    <tr>\n",
       "      <th>212</th>\n",
       "      <td>213</td>\n",
       "      <td>M</td>\n",
       "      <td>67.00</td>\n",
       "      <td>Others</td>\n",
       "      <td>67.00</td>\n",
       "      <td>Others</td>\n",
       "      <td>Commerce</td>\n",
       "      <td>73.00</td>\n",
       "      <td>Comm&amp;Mgmt</td>\n",
       "      <td>Yes</td>\n",
       "      <td>59.0</td>\n",
       "      <td>Mkt&amp;Fin</td>\n",
       "      <td>69.72</td>\n",
       "      <td>Placed</td>\n",
       "      <td>295000.0</td>\n",
       "    </tr>\n",
       "    <tr>\n",
       "      <th>213</th>\n",
       "      <td>214</td>\n",
       "      <td>F</td>\n",
       "      <td>74.00</td>\n",
       "      <td>Others</td>\n",
       "      <td>66.00</td>\n",
       "      <td>Others</td>\n",
       "      <td>Commerce</td>\n",
       "      <td>58.00</td>\n",
       "      <td>Comm&amp;Mgmt</td>\n",
       "      <td>No</td>\n",
       "      <td>70.0</td>\n",
       "      <td>Mkt&amp;HR</td>\n",
       "      <td>60.23</td>\n",
       "      <td>Placed</td>\n",
       "      <td>204000.0</td>\n",
       "    </tr>\n",
       "    <tr>\n",
       "      <th>214</th>\n",
       "      <td>215</td>\n",
       "      <td>M</td>\n",
       "      <td>62.00</td>\n",
       "      <td>Central</td>\n",
       "      <td>58.00</td>\n",
       "      <td>Others</td>\n",
       "      <td>Science</td>\n",
       "      <td>53.00</td>\n",
       "      <td>Comm&amp;Mgmt</td>\n",
       "      <td>No</td>\n",
       "      <td>89.0</td>\n",
       "      <td>Mkt&amp;HR</td>\n",
       "      <td>60.22</td>\n",
       "      <td>Not Placed</td>\n",
       "      <td>0.0</td>\n",
       "    </tr>\n",
       "  </tbody>\n",
       "</table>\n",
       "<p>215 rows × 15 columns</p>\n",
       "</div>"
      ],
      "text/plain": [
       "     sl_no gender  ssc_p    ssc_b  hsc_p    hsc_b     hsc_s  degree_p  \\\n",
       "0        1      M  67.00   Others  91.00   Others  Commerce     58.00   \n",
       "1        2      M  79.33  Central  78.33   Others   Science     77.48   \n",
       "2        3      M  65.00  Central  68.00  Central      Arts     64.00   \n",
       "3        4      M  56.00  Central  52.00  Central   Science     52.00   \n",
       "4        5      M  85.80  Central  73.60  Central  Commerce     73.30   \n",
       "..     ...    ...    ...      ...    ...      ...       ...       ...   \n",
       "210    211      M  80.60   Others  82.00   Others  Commerce     77.60   \n",
       "211    212      M  58.00   Others  60.00   Others   Science     72.00   \n",
       "212    213      M  67.00   Others  67.00   Others  Commerce     73.00   \n",
       "213    214      F  74.00   Others  66.00   Others  Commerce     58.00   \n",
       "214    215      M  62.00  Central  58.00   Others   Science     53.00   \n",
       "\n",
       "      degree_t workex  etest_p specialisation  mba_p      status    salary  \n",
       "0     Sci&Tech     No     55.0         Mkt&HR  58.80      Placed  270000.0  \n",
       "1     Sci&Tech    Yes     86.5        Mkt&Fin  66.28      Placed  200000.0  \n",
       "2    Comm&Mgmt     No     75.0        Mkt&Fin  57.80      Placed  250000.0  \n",
       "3     Sci&Tech     No     66.0         Mkt&HR  59.43  Not Placed       0.0  \n",
       "4    Comm&Mgmt     No     96.8        Mkt&Fin  55.50      Placed  425000.0  \n",
       "..         ...    ...      ...            ...    ...         ...       ...  \n",
       "210  Comm&Mgmt     No     91.0        Mkt&Fin  74.49      Placed  400000.0  \n",
       "211   Sci&Tech     No     74.0        Mkt&Fin  53.62      Placed  275000.0  \n",
       "212  Comm&Mgmt    Yes     59.0        Mkt&Fin  69.72      Placed  295000.0  \n",
       "213  Comm&Mgmt     No     70.0         Mkt&HR  60.23      Placed  204000.0  \n",
       "214  Comm&Mgmt     No     89.0         Mkt&HR  60.22  Not Placed       0.0  \n",
       "\n",
       "[215 rows x 15 columns]"
      ]
     },
     "execution_count": 3,
     "metadata": {},
     "output_type": "execute_result"
    }
   ],
   "source": [
    "dataset"
   ]
  },
  {
   "cell_type": "code",
   "execution_count": 4,
   "id": "da1d7cf8-bfbb-4e9d-95f6-ea8d158f648d",
   "metadata": {},
   "outputs": [
    {
     "data": {
      "text/plain": [
       "sl_no             0\n",
       "gender            0\n",
       "ssc_p             0\n",
       "ssc_b             0\n",
       "hsc_p             0\n",
       "hsc_b             0\n",
       "hsc_s             0\n",
       "degree_p          0\n",
       "degree_t          0\n",
       "workex            0\n",
       "etest_p           0\n",
       "specialisation    0\n",
       "mba_p             0\n",
       "status            0\n",
       "salary            0\n",
       "dtype: int64"
      ]
     },
     "execution_count": 4,
     "metadata": {},
     "output_type": "execute_result"
    }
   ],
   "source": [
    "dataset.isnull().sum()"
   ]
  },
  {
   "cell_type": "markdown",
   "id": "f40ce8ce-1fdb-45b3-95dc-f0d9aaf811b6",
   "metadata": {},
   "source": [
    "#co-variance"
   ]
  },
  {
   "cell_type": "code",
   "execution_count": 5,
   "id": "ca7f458d-4425-49d2-b57d-b562d509877d",
   "metadata": {},
   "outputs": [
    {
     "data": {
      "text/html": [
       "<div>\n",
       "<style scoped>\n",
       "    .dataframe tbody tr th:only-of-type {\n",
       "        vertical-align: middle;\n",
       "    }\n",
       "\n",
       "    .dataframe tbody tr th {\n",
       "        vertical-align: top;\n",
       "    }\n",
       "\n",
       "    .dataframe thead th {\n",
       "        text-align: right;\n",
       "    }\n",
       "</style>\n",
       "<table border=\"1\" class=\"dataframe\">\n",
       "  <thead>\n",
       "    <tr style=\"text-align: right;\">\n",
       "      <th></th>\n",
       "      <th>sl_no</th>\n",
       "      <th>ssc_p</th>\n",
       "      <th>hsc_p</th>\n",
       "      <th>degree_p</th>\n",
       "      <th>etest_p</th>\n",
       "      <th>mba_p</th>\n",
       "      <th>salary</th>\n",
       "    </tr>\n",
       "  </thead>\n",
       "  <tbody>\n",
       "    <tr>\n",
       "      <th>sl_no</th>\n",
       "      <td>3870.000000</td>\n",
       "      <td>-52.641355</td>\n",
       "      <td>-59.598879</td>\n",
       "      <td>-41.465047</td>\n",
       "      <td>52.556168</td>\n",
       "      <td>8.102336</td>\n",
       "      <td>1.138318e+04</td>\n",
       "    </tr>\n",
       "    <tr>\n",
       "      <th>ssc_p</th>\n",
       "      <td>-52.641355</td>\n",
       "      <td>117.228377</td>\n",
       "      <td>58.853253</td>\n",
       "      <td>42.702550</td>\n",
       "      <td>37.659225</td>\n",
       "      <td>24.535952</td>\n",
       "      <td>9.088585e+05</td>\n",
       "    </tr>\n",
       "    <tr>\n",
       "      <th>hsc_p</th>\n",
       "      <td>-59.598879</td>\n",
       "      <td>58.853253</td>\n",
       "      <td>112.063731</td>\n",
       "      <td>33.684453</td>\n",
       "      <td>33.838355</td>\n",
       "      <td>21.517688</td>\n",
       "      <td>7.310079e+05</td>\n",
       "    </tr>\n",
       "    <tr>\n",
       "      <th>degree_p</th>\n",
       "      <td>-41.465047</td>\n",
       "      <td>42.702550</td>\n",
       "      <td>33.684453</td>\n",
       "      <td>53.604710</td>\n",
       "      <td>22.078774</td>\n",
       "      <td>17.185200</td>\n",
       "      <td>4.663363e+05</td>\n",
       "    </tr>\n",
       "    <tr>\n",
       "      <th>etest_p</th>\n",
       "      <td>52.556168</td>\n",
       "      <td>37.659225</td>\n",
       "      <td>33.838355</td>\n",
       "      <td>22.078774</td>\n",
       "      <td>176.251018</td>\n",
       "      <td>16.886973</td>\n",
       "      <td>3.727004e+05</td>\n",
       "    </tr>\n",
       "    <tr>\n",
       "      <th>mba_p</th>\n",
       "      <td>8.102336</td>\n",
       "      <td>24.535952</td>\n",
       "      <td>21.517688</td>\n",
       "      <td>17.185200</td>\n",
       "      <td>16.886973</td>\n",
       "      <td>34.028376</td>\n",
       "      <td>1.239934e+05</td>\n",
       "    </tr>\n",
       "    <tr>\n",
       "      <th>salary</th>\n",
       "      <td>11383.177570</td>\n",
       "      <td>908858.485818</td>\n",
       "      <td>731007.850848</td>\n",
       "      <td>466336.264888</td>\n",
       "      <td>372700.449468</td>\n",
       "      <td>123993.387361</td>\n",
       "      <td>2.259185e+10</td>\n",
       "    </tr>\n",
       "  </tbody>\n",
       "</table>\n",
       "</div>"
      ],
      "text/plain": [
       "                 sl_no          ssc_p          hsc_p       degree_p  \\\n",
       "sl_no      3870.000000     -52.641355     -59.598879     -41.465047   \n",
       "ssc_p       -52.641355     117.228377      58.853253      42.702550   \n",
       "hsc_p       -59.598879      58.853253     112.063731      33.684453   \n",
       "degree_p    -41.465047      42.702550      33.684453      53.604710   \n",
       "etest_p      52.556168      37.659225      33.838355      22.078774   \n",
       "mba_p         8.102336      24.535952      21.517688      17.185200   \n",
       "salary    11383.177570  908858.485818  731007.850848  466336.264888   \n",
       "\n",
       "                etest_p          mba_p        salary  \n",
       "sl_no         52.556168       8.102336  1.138318e+04  \n",
       "ssc_p         37.659225      24.535952  9.088585e+05  \n",
       "hsc_p         33.838355      21.517688  7.310079e+05  \n",
       "degree_p      22.078774      17.185200  4.663363e+05  \n",
       "etest_p      176.251018      16.886973  3.727004e+05  \n",
       "mba_p         16.886973      34.028376  1.239934e+05  \n",
       "salary    372700.449468  123993.387361  2.259185e+10  "
      ]
     },
     "execution_count": 5,
     "metadata": {},
     "output_type": "execute_result"
    }
   ],
   "source": [
    "dataset.cov(numeric_only=True)"
   ]
  },
  {
   "cell_type": "code",
   "execution_count": 6,
   "id": "643d52b7-c6bc-4c0e-a969-c1b348447084",
   "metadata": {},
   "outputs": [
    {
     "data": {
      "text/plain": [
       "np.float64(22.078774173005876)"
      ]
     },
     "execution_count": 6,
     "metadata": {},
     "output_type": "execute_result"
    }
   ],
   "source": [
    "dataset['etest_p'].cov(dataset['degree_p'])"
   ]
  },
  {
   "cell_type": "markdown",
   "id": "4abdb4b9-4531-434d-8aea-d094a7ab4b95",
   "metadata": {},
   "source": [
    "To calculate the covariance, I'll assume the means of degree_p and etest_p are:\n",
    "\n",
    "      degree_p: x̄ = 50\n",
    "      etest_p : ȳ = 150\n",
    "\n",
    "First, calculate the deviations from the means:\n",
    "\n",
    "      For X: xi - x̄ = 53.604 - 50 = 3.604\n",
    "      For Y: yi - ȳ = 176.251 - 150 = 26.251\n",
    "\n",
    "Then, multiply the deviations:\n",
    "\n",
    "      (xi - x̄)(yi - ȳ) = 3.604 * 26.251 ≈ 94.63\n",
    "\n",
    " the covariance is:\n",
    "     cov(degree_p, etest_p) ≈ 94.63\n",
    "\n",
    "Summary:\n",
    "\n",
    "    - Covariance: 94.634\n",
    "    - Indicates a positive relationship between degree_p and etest_p\n",
    "    - As X increases, Y tends to increase\n",
    "    - Strength of relationship "
   ]
  },
  {
   "cell_type": "markdown",
   "id": "abe66355-a9ff-4ad5-9c39-b03d94c09ce8",
   "metadata": {},
   "source": [
    "----------------------------------------------------------------------covariance-------------------------------------------------\n",
    "\n",
    "To calculate the covariance, I'll assume the means of etest_p and mba_p are:\n",
    "\n",
    "     etest_p: x̄ = 150\n",
    "     mba_p: ȳ = 30\n",
    "\n",
    "First, calculate the deviations from the means:\n",
    "\n",
    "     For X: xi - x̄ = 176.251 - 150 = 26.251\n",
    "     For Y: yi - ȳ = 34.028 - 30 = 4.028\n",
    "     \n",
    "Then, multiply the deviations:\n",
    "\n",
    "     (xi - x̄)(yi - ȳ) = 26.251 * 4.028 ≈ 105.7\n",
    "\n",
    "Since we only have one observation, the covariance is:\n",
    "\n",
    "     cov(etest_p, mba_p) ≈ 105.7\n",
    "\n",
    "Summary:\n",
    "\n",
    "     - Covariance: 105.7\n",
    "     - Indicates a positive relationship between etest_p and mba_p\n",
    "     - As etest_p increases, Y tends to increase\n",
    "     - Strength of relationship: Moderate to strong"
   ]
  },
  {
   "cell_type": "code",
   "execution_count": 7,
   "id": "730dc0d7-d42f-41c7-8931-7b049888758c",
   "metadata": {},
   "outputs": [
    {
     "data": {
      "text/plain": [
       "np.float64(16.88697344707673)"
      ]
     },
     "execution_count": 7,
     "metadata": {},
     "output_type": "execute_result"
    }
   ],
   "source": [
    "dataset['etest_p'].cov(dataset['mba_p'])"
   ]
  },
  {
   "cell_type": "markdown",
   "id": "1af9b0f5-8152-413a-b6e1-97504a7c075e",
   "metadata": {},
   "source": [
    "#cor-relation"
   ]
  },
  {
   "cell_type": "code",
   "execution_count": 8,
   "id": "afd4891b-9f9e-439b-a2c7-53acdb3797f5",
   "metadata": {},
   "outputs": [
    {
     "data": {
      "text/html": [
       "<div>\n",
       "<style scoped>\n",
       "    .dataframe tbody tr th:only-of-type {\n",
       "        vertical-align: middle;\n",
       "    }\n",
       "\n",
       "    .dataframe tbody tr th {\n",
       "        vertical-align: top;\n",
       "    }\n",
       "\n",
       "    .dataframe thead th {\n",
       "        text-align: right;\n",
       "    }\n",
       "</style>\n",
       "<table border=\"1\" class=\"dataframe\">\n",
       "  <thead>\n",
       "    <tr style=\"text-align: right;\">\n",
       "      <th></th>\n",
       "      <th>sl_no</th>\n",
       "      <th>ssc_p</th>\n",
       "      <th>hsc_p</th>\n",
       "      <th>degree_p</th>\n",
       "      <th>etest_p</th>\n",
       "      <th>mba_p</th>\n",
       "      <th>salary</th>\n",
       "    </tr>\n",
       "  </thead>\n",
       "  <tbody>\n",
       "    <tr>\n",
       "      <th>sl_no</th>\n",
       "      <td>1.000000</td>\n",
       "      <td>-0.078155</td>\n",
       "      <td>-0.090500</td>\n",
       "      <td>-0.091039</td>\n",
       "      <td>0.063636</td>\n",
       "      <td>0.022327</td>\n",
       "      <td>0.001217</td>\n",
       "    </tr>\n",
       "    <tr>\n",
       "      <th>ssc_p</th>\n",
       "      <td>-0.078155</td>\n",
       "      <td>1.000000</td>\n",
       "      <td>0.513478</td>\n",
       "      <td>0.538686</td>\n",
       "      <td>0.261993</td>\n",
       "      <td>0.388478</td>\n",
       "      <td>0.558475</td>\n",
       "    </tr>\n",
       "    <tr>\n",
       "      <th>hsc_p</th>\n",
       "      <td>-0.090500</td>\n",
       "      <td>0.513478</td>\n",
       "      <td>1.000000</td>\n",
       "      <td>0.434606</td>\n",
       "      <td>0.240775</td>\n",
       "      <td>0.348452</td>\n",
       "      <td>0.459424</td>\n",
       "    </tr>\n",
       "    <tr>\n",
       "      <th>degree_p</th>\n",
       "      <td>-0.091039</td>\n",
       "      <td>0.538686</td>\n",
       "      <td>0.434606</td>\n",
       "      <td>1.000000</td>\n",
       "      <td>0.227147</td>\n",
       "      <td>0.402376</td>\n",
       "      <td>0.423762</td>\n",
       "    </tr>\n",
       "    <tr>\n",
       "      <th>etest_p</th>\n",
       "      <td>0.063636</td>\n",
       "      <td>0.261993</td>\n",
       "      <td>0.240775</td>\n",
       "      <td>0.227147</td>\n",
       "      <td>1.000000</td>\n",
       "      <td>0.218055</td>\n",
       "      <td>0.186775</td>\n",
       "    </tr>\n",
       "    <tr>\n",
       "      <th>mba_p</th>\n",
       "      <td>0.022327</td>\n",
       "      <td>0.388478</td>\n",
       "      <td>0.348452</td>\n",
       "      <td>0.402376</td>\n",
       "      <td>0.218055</td>\n",
       "      <td>1.000000</td>\n",
       "      <td>0.141417</td>\n",
       "    </tr>\n",
       "    <tr>\n",
       "      <th>salary</th>\n",
       "      <td>0.001217</td>\n",
       "      <td>0.558475</td>\n",
       "      <td>0.459424</td>\n",
       "      <td>0.423762</td>\n",
       "      <td>0.186775</td>\n",
       "      <td>0.141417</td>\n",
       "      <td>1.000000</td>\n",
       "    </tr>\n",
       "  </tbody>\n",
       "</table>\n",
       "</div>"
      ],
      "text/plain": [
       "             sl_no     ssc_p     hsc_p  degree_p   etest_p     mba_p    salary\n",
       "sl_no     1.000000 -0.078155 -0.090500 -0.091039  0.063636  0.022327  0.001217\n",
       "ssc_p    -0.078155  1.000000  0.513478  0.538686  0.261993  0.388478  0.558475\n",
       "hsc_p    -0.090500  0.513478  1.000000  0.434606  0.240775  0.348452  0.459424\n",
       "degree_p -0.091039  0.538686  0.434606  1.000000  0.227147  0.402376  0.423762\n",
       "etest_p   0.063636  0.261993  0.240775  0.227147  1.000000  0.218055  0.186775\n",
       "mba_p     0.022327  0.388478  0.348452  0.402376  0.218055  1.000000  0.141417\n",
       "salary    0.001217  0.558475  0.459424  0.423762  0.186775  0.141417  1.000000"
      ]
     },
     "execution_count": 8,
     "metadata": {},
     "output_type": "execute_result"
    }
   ],
   "source": [
    "dataset.corr(numeric_only=True)"
   ]
  },
  {
   "cell_type": "code",
   "execution_count": 9,
   "id": "bf6b2e40-f385-43d8-9295-8497e9daa876",
   "metadata": {},
   "outputs": [
    {
     "data": {
      "text/plain": [
       "np.float64(0.14141713944325937)"
      ]
     },
     "execution_count": 9,
     "metadata": {},
     "output_type": "execute_result"
    }
   ],
   "source": [
    "dataset['mba_p'].corr(dataset['salary'])"
   ]
  },
  {
   "cell_type": "markdown",
   "id": "03783283-e5a3-4700-9c2c-5f1c366545fb",
   "metadata": {},
   "source": [
    "Here's an example to illustrate the correlation coefficient calculation:\n",
    "\n",
    "Correlation Coefficient Example\n",
    "\n",
    "    X = 1.000\n",
    "    Y = 1.000\n",
    "\n",
    "Calculate the mean of X (x̄) and Y (ȳ)\n",
    "\n",
    "    x̄ = 1\n",
    "    ȳ = 1\n",
    "\n",
    "Calculate the deviations from the mean\n",
    "\n",
    "    (xi - x̄) = (1 - 1) = 0\n",
    "    (yi - ȳ) = (1 - 1) = 0\n",
    "\n",
    "Calculate the product of the deviations\n",
    "\n",
    "    (xi - x̄)(yi - ȳ) = 0 * 0 = 0\n",
    "\n",
    "Calculate the correlation coefficient (corr)\n",
    "\n",
    "    corr(X, Y) = Σ[(xi - x̄)(yi - ȳ)] / (√Σ(xi - x̄)² * √Σ(yi - ȳ)²)\n",
    "    = 0 / (√0 * √0)\n",
    "    = 1 (by definition)\n",
    "\n",
    "Summary:\n",
    "        The correlation coefficient is 1.0, indicating a perfect positive linear relationship between X and Y.\n",
    "        When X increases, Y also increases (perfect positive correlation)."
   ]
  }
 ],
 "metadata": {
  "kernelspec": {
   "display_name": "Python 3 (ipykernel)",
   "language": "python",
   "name": "python3"
  },
  "language_info": {
   "codemirror_mode": {
    "name": "ipython",
    "version": 3
   },
   "file_extension": ".py",
   "mimetype": "text/x-python",
   "name": "python",
   "nbconvert_exporter": "python",
   "pygments_lexer": "ipython3",
   "version": "3.10.14"
  }
 },
 "nbformat": 4,
 "nbformat_minor": 5
}
